 -4.7292864e-001  3.4139773e-001
 -8.7926501e-001  4.9817512e-002
 -1.6658337e-001 -9.5143932e-001
 -2.8465668e-001 -6.7289626e-002
  6.7094817e-002 -1.6851135e+000
 -1.3488558e-001  6.7675929e-001
 -2.2051022e-001  2.5613713e-001
  9.7199895e-001  6.6441413e-001
  7.5355763e-002  1.1749364e+000
 -5.3062079e-001 -6.6159013e-001
 -1.1289269e+000 -4.5175503e-001
  8.8639043e-001 -9.8093854e-002
  6.0803104e-001  6.8643223e-001
 -2.5354308e+000  1.0646352e+000
  5.9678521e-002  3.9200813e-001
 -3.9447293e-001 -5.4756057e-002
  2.7043720e-001  1.1502920e+000
  5.4420729e-001 -4.0251050e-001
 -7.7706970e-001  1.4285245e+000
 -3.7263404e-001 -1.1819732e+000
 -1.8302230e+000 -2.3536182e-001
  1.6894839e-001 -4.0142513e-001
 -6.3602158e-001 -2.3091426e+000
  1.1790484e+000 -7.5418091e-001
  5.0077370e-001 -1.3963629e-001
 -1.1736043e+000 -4.6245125e-001
 -1.2459142e+000  7.6626581e-001
  6.3228222e-001 -5.2769083e-001
 -1.7518378e+000  6.3995518e-001
  4.4489826e-002 -4.1723398e-001
 -7.7076422e-001 -1.0994773e+000
  2.2329321e+000  1.1220203e+000
 -9.5542712e-002  3.9582093e-001
  1.1384664e+000 -1.0140503e+000
 -6.4776931e-001  2.5856411e-001
 -6.5445388e-001 -3.4664046e-002
 -5.8156017e-001 -3.9924971e-001
  2.7963857e-001 -6.0924933e-001
 -1.9454401e+000  5.0938958e-001
 -1.3304448e+000  1.0238172e+000
  7.6436930e-001 -3.5047406e-001
 -1.0926667e+000  1.4140440e+000
 -2.1094720e-001  3.2147352e-001
 -2.7009476e-001  1.0205283e+000
  5.1315159e-001 -5.2758802e-001
 -1.0419241e+000  5.4449722e-001
  6.9105387e-001 -1.8048299e+000
 -1.1225645e+000  2.1951279e+000
 -1.3887508e+000 -2.0795982e-001
 -8.4383644e-002  7.1455475e-001
 -5.3291274e-001  1.2535168e+000
 -1.0174787e+000  7.7350086e-001
  2.5013128e-001 -1.1192506e+000
 -5.3344679e-001 -2.7183872e-001
  1.0158620e+000 -2.8887640e-001
 -2.3054203e-001  3.8438622e-001
  5.9879462e-001  1.5519031e-001
  1.8640718e+000  8.0438656e-002
 -1.9176322e+000  1.9574058e+000
 -1.2155179e+000  1.9597928e+000
  1.2919598e+000  2.2432896e+000
 -1.1788285e+000  1.1384313e+000
 -6.8647904e-002 -8.8883585e-001
  2.3606216e-001 -1.7492062e+000
  8.4283786e-001 -7.6066167e-001
 -1.6117581e+000  7.0754295e-001
 -2.7171452e-001 -6.4903396e-002
 -7.9584186e-001 -7.9060176e-002
  3.0866825e-001 -1.6397807e-001
 -1.5605776e-001  1.2717169e+000
  4.2361200e-001  1.0257523e+000
  7.6798494e-001 -1.1764188e-001
  7.5050078e-002  5.2207651e-001
 -7.8881947e-001  1.5545111e+000
  1.1571914e+000 -2.2015636e-001
 -1.6681837e+000 -2.8639112e+000
  4.2652329e-001  1.0665008e+000
  4.4597626e-001 -3.0461438e+000
  3.9778030e-001  1.8565227e-001
  4.5383499e-003 -8.3254304e-002
 -3.5079311e-001 -3.1179145e-001
 -4.9862583e-002 -6.7365940e-001
 -8.0990353e-001  6.0334576e-001
  7.5383064e-002  1.2768801e+000
  8.3819852e-001  5.5912269e-001
 -7.4838466e-001  4.3436726e-001
  1.1823376e+000 -1.4930224e-001
 -3.5416646e-001  9.9199147e-001
 -1.7465801e+000  5.7726129e-001
 -2.5129363e-001 -2.1403332e+000
  1.4729112e+000  3.5214545e-001
  2.2373865e+000  4.8583235e-001
 -2.5938502e-001 -4.8766077e-001
  1.1915434e+000 -6.0941585e-002
 -8.7831258e-001 -6.6561292e-001
  5.8587470e-002 -1.4222528e-001
 -9.0551736e-001 -1.5115329e-001
  8.8167887e-001  3.1871987e-001
  5.1909666e-001 -1.1187774e+000
  2.5498809e+000  4.8334518e-001
  8.3892608e-001  5.0898959e-001
  3.3505755e-001 -8.5486883e-001
 -4.5426737e-001  3.5740264e-002
 -2.1943797e-001 -3.5628540e-001
  1.5528529e-001  8.4904637e-001
 -9.0485813e-001  1.3543768e-001
 -1.0210342e+000  7.5992798e-001
 -4.3594275e-001 -1.4784159e+000
  1.3382142e+000  2.1983185e-001
  1.0696135e+000 -1.2053898e+000
  8.7370554e-001  2.0809164e-001
  4.6489168e-002 -6.7903892e-001
  8.0813272e-001  6.3645863e-001
  1.3915707e+000 -8.0828265e-001
  3.8678034e-001  8.1151920e-002
  3.9834182e-001  1.4693227e-001
  2.2980990e+000 -2.2901103e-001
  7.2099768e-001  1.6788179e+000
 -8.2853652e-001  1.2380889e+000
 -6.8054157e-002 -6.6268610e-001
  5.5691406e-002 -1.9932225e+000
  5.9356178e-002 -2.2384588e+000
  3.4112306e-001 -8.6081800e-001
 -1.6307390e+000 -2.1271784e+000
  5.5452954e-001 -2.4569481e-001
 -2.0471627e-001  6.5078300e-001
 -1.7534128e-001  1.4827310e+000
 -3.2663065e-001  5.6895767e-001
 -2.7056183e-001 -6.7228796e-001
  2.0815258e-001 -1.3766591e+000
 -1.2931632e+000  1.2204796e+000
 -1.3144874e-001 -1.7146862e-001
 -7.9251799e-001  2.8104662e+000
  7.5067658e-001 -6.4608620e-002
 -2.1657526e-001 -5.7151829e-001
  3.3068351e-001 -5.3769901e-001
  8.0403915e-002  1.4388266e+000
 -2.1559393e-001 -6.9001223e-001
  6.4144418e-001  3.1871507e-001
  1.1300813e+000  2.3360246e+000
 -1.3149389e+000  5.9898575e-001
  3.2324341e-001  2.4150855e-001
 -7.9021596e-001  1.1982187e+000
 -3.3299873e-001  9.1092002e-001
  3.2387883e-001 -1.6371200e-001
  1.6112567e+000  4.4535193e-001
  3.1755026e-001 -2.2574680e-001
 -2.0021576e+000 -7.8784938e-002
  2.3760168e+000 -8.1867283e-001
  6.7711741e-002 -1.4268709e-001
 -3.2961813e-001 -2.1080901e-001
  6.5750453e-001  8.0890372e-001
  1.5587470e+000 -1.8908101e-001
 -3.1175547e-002 -4.6339345e-002
  1.4043946e+000  1.3823912e+000
  3.5443037e-001  9.6985261e-001
 -1.0381016e+000 -1.0621818e+000
 -3.4124743e-001  2.4016203e+000
 -8.3776318e-002  1.6470749e+000
  8.7046284e-001 -1.0390176e+000
  6.5768418e-001  1.9834907e-001
 -2.6879855e-001  4.4817049e-001
  8.0134503e-002  8.7633823e-002
 -5.3314884e-002  3.9864481e-001
  2.1259671e-002 -6.7576571e-001
 -2.3389690e-001  4.9258675e-001
  6.2693225e-001 -3.9756961e-002
  1.1917613e+000  7.2136707e-001
 -3.3118700e-001  9.4890604e-001
  8.0113828e-001  3.7707593e-001
 -1.5757217e+000  1.6785768e-001
  1.0393965e+000  1.5415572e+000
  2.1600414e-001  2.9956252e-001
 -9.1794792e-001  1.5099436e-001
  8.8294046e-001 -8.4510214e-002
 -1.2826331e+000  1.4912214e+000
 -3.8074023e-001 -5.1971531e-001
  5.3310724e-001  3.1552856e-001
  2.8834272e-003  1.2858334e+000
  1.5922749e+000 -1.4757750e+000
 -6.8398187e-001 -9.9716793e-001
  6.5390625e-002  5.1944082e-001
 -1.0855769e+000  6.3561926e-001
 -1.8797648e+000  1.0197048e-001
  4.5728529e-001  5.5200784e-001
 -6.7505534e-001 -1.5422647e+000
 -1.6486021e+000 -4.2403028e-001
  9.4868157e-002 -9.9615119e-001
  9.4033766e-001 -7.1256627e-001
 -4.6409423e-001 -1.6748889e+000
  2.2134638e+000  2.6213149e-001
 -1.5287810e-001 -2.9831020e-001
  8.1509201e-001  6.4313768e-001
  1.9311695e-001 -1.7266120e+000
  1.7838019e+000 -8.9513205e-001
 -2.2047369e-001  8.0230166e-001
  1.6793806e-001  4.3824956e-001
  8.0800538e-001 -1.2512867e+000
  1.3966903e+000  7.5031422e-001
 -6.6995740e-001  2.6246284e+000
 -9.3815851e-001  8.3421088e-001
  5.9602572e-001  8.5704643e-001
  1.5268814e-001 -2.7539691e-001
 -1.4497144e+000  1.9820194e+000
 -1.7357946e+000 -7.9537239e-001
 -2.1109906e-001  1.7760088e+000
  1.1858555e+000  3.5684457e-001
  1.9528506e-001  1.0890328e+000
  2.4067307e-001 -1.2516023e+000
  6.0308311e-001  1.4206406e-001
  6.0009146e-001 -7.5804321e-001
  7.8048998e-001  5.2248877e-002
 -1.2305022e+000 -3.3549066e-001
 -7.3325914e-001  1.4758023e+000
  2.2253173e-001  6.1841653e-001
  5.8442257e-001  2.6338745e+000
 -8.3390007e-001  1.2480886e+000
 -5.4649375e-001  3.3046757e-001
 -7.3549988e-001  1.0027218e-001
 -1.2249600e+000 -2.1004993e+000
 -1.0862225e+000  1.1459351e+000
  1.3798059e+000 -1.4586822e-001
 -7.4198307e-002 -1.4831502e-001
  3.2072891e-001  2.8349731e-001
  3.0996775e-001  9.8117770e-003
 -9.0565826e-001  6.5521215e-001
  7.3555730e-001 -2.7658995e+000
 -6.5090548e-001 -9.1896776e-001
  8.0515666e-001 -3.9885322e-001
  5.9493661e-001  1.2393638e+000
  2.4566422e-001  4.9210662e-001
  9.1882363e-002  2.0563253e+000
  1.8978061e+000 -1.5297660e+000
  6.6938220e-001  3.9652659e-001
  3.2493526e-001 -3.3909676e-001
 -4.3850588e-001 -2.2863667e+000
  4.7324391e-001  3.0657083e-001
 -2.2610862e-001  1.5573989e+000
 -2.2845014e+000 -6.5948229e-001
 -6.2589616e-001  1.2509645e-001
  1.6739474e-001 -4.3125037e-001
 -2.0529446e-002  7.5834138e-001
 -1.0087571e+000  2.0325187e+000
 -7.3658956e-002 -1.5038768e+000
  6.1438689e-001  6.7823450e-001
  6.2724039e-001 -6.5279431e-001
  1.0279401e-001  1.3187283e+000
  7.5299855e-001  2.0260298e+000
 -8.1235155e-001 -2.8193765e-001
  9.5189791e-001 -2.3599288e+000
 -1.1831776e+000 -6.8224793e-001
  1.0936645e+000  1.8487391e+000
  6.3870500e-002 -3.2842702e-001
 -8.8902377e-001  1.1194937e-001
  1.7855205e+000 -2.0971908e-001
  5.7172934e-002  2.8964690e-001
  9.8468534e-001 -1.0510731e+000
 -1.5743571e+000  5.0989048e-001
 -6.7374751e-001  7.7384589e-001
  1.1150590e+000 -1.0948906e+000
  4.8909886e-001  1.7920848e-003
  2.1402182e+000 -2.3959929e-001
  2.7653531e-001 -5.9173081e-001
 -9.6431781e-001  2.3150304e+000
 -8.7469292e-001 -2.2511773e-001
  1.2635946e+000 -7.0328101e-001
 -1.4950961e+000  7.6183294e-001
  5.9321093e-001 -7.3878169e-001
 -8.9123139e-001 -1.0838837e+000
 -6.2781670e-001  9.6632116e-001
 -4.1667670e-001  1.2635282e+000
 -1.0779034e-001  3.6698665e-001
  4.7963138e-002 -2.2486838e-001
 -2.1319272e+000 -2.6766741e-001
  7.6951599e-001 -6.9031228e-001
  4.5349190e-002  4.4647053e-001
 -5.1211280e-001  7.4286531e-001
 -8.2134135e-001  1.2645043e+000
 -1.6572836e-001 -2.1291389e+000
  7.4647371e-001 -2.0451885e+000
 -9.6944211e-001 -6.1704391e-001
  1.3503181e+000  1.8888368e-001
 -8.0404108e-001 -1.1256197e+000
 -1.0466116e+000 -4.9620644e-001
 -1.1241378e-001  8.2560487e-001
 -3.5043858e-001  3.4611821e-001
  3.7773147e-001 -6.3289730e-001
 -2.7933352e+000 -4.7191586e-001
 -6.9454262e-001  3.6563604e-001
 -4.5893460e-001  2.4809262e+000
 -3.5467225e-001  1.0832050e+000
  1.1121482e-001  8.7921649e-001
  1.1600709e-001  3.2200811e-001
 -9.0552476e-001 -9.3260824e-001
 -1.4492370e+000 -1.0902494e+000
  1.2046149e+000 -1.5518984e+000
  7.0892072e-001 -1.2674990e+000
  1.3424835e-001  9.6660379e-001
  1.7504016e-001 -4.1368152e-002
 -3.1802168e-001  2.9910985e-001
  4.0559795e+000  1.6288739e+000
  2.6084808e+000  3.0679202e+000
  2.4508583e+000  4.0787254e+000
  3.0431226e+000  3.2935932e+000
  2.5558508e+000  3.5618919e+000
  4.1745633e+000  4.1796277e+000
  2.1224750e+000  2.6119392e+000
  3.6327200e+000  2.8301624e+000
  1.0044868e+000  2.8199967e+000
  2.6962165e+000  3.0102710e+000
  4.6165074e+000  2.8775641e+000
  2.5327225e+000  3.0833298e+000
  2.7913884e+000  4.1812988e+000
  2.5980375e+000  1.7542825e+000
  1.6124237e+000  2.2170431e+000
  3.7188919e+000  2.4259798e+000
  2.8445078e+000  2.6185254e+000
  2.5615530e+000  2.1649588e+000
  4.7786287e+000  1.5590498e+000
  1.2364294e+000  2.8263234e+000
  4.0075181e+000  2.4884810e+000
  4.6758335e+000  3.0267788e+000
  2.8404757e+000  2.5523504e+000
  2.1238064e+000  3.2965900e+000
  4.7009973e+000  2.1336094e+000
  2.0458575e+000  1.7904268e+000
  3.2473945e+000  2.9891152e+000
  2.0232551e+000  4.1949530e+000
  4.8334209e+000  2.0260464e+000
  3.1860144e+000  2.9244075e+000
  3.5878619e+000  3.8003295e+000
  2.7044885e+000  2.6806280e+000
  4.7070384e+000  3.8674372e+000
  3.4413136e+000  2.8271462e+000
  3.0442617e+000  4.4030261e+000
  3.1207779e+000  7.9207049e-001
  2.4732881e+000  1.6587158e+000
  3.2679554e+000  2.7091124e+000
  2.6727570e+000  3.4877743e+000
  3.1479099e+000  3.9780565e+000
  6.3343691e+000  4.0360705e+000
  2.4751071e+000  4.2682089e+000
  2.2559939e+000  4.3547488e+000
  3.9078500e+000  3.8229558e+000
  2.4937692e+000  3.3245626e+000
  2.6403847e+000  2.1996635e+000
  4.8506282e-001  3.7213529e+000
  3.6432499e+000  3.7123535e+000
  1.6801956e+000  1.3457204e+000
  3.4338098e+000  2.9449369e+000
  3.5957973e+000  3.3440073e+000
  3.7543844e+000  3.4334304e+000
  2.7639113e+000  1.9232144e+000
  2.0641651e+000  2.5384087e+000
  3.4716132e+000  3.5799819e+000
  4.1362622e+000  3.2852649e+000
  1.7716745e+000  2.7341576e+000
  1.2024743e+000  2.8738918e+000
  1.8928968e+000  3.0029163e+000
  2.2593084e+000  1.1765477e+000
  4.6253653e+000  3.3566131e+000
  1.3533183e-001  4.3261544e+000
  2.7722170e+000  9.4312386e-001
  2.6779522e+000  3.0969516e+000
  2.4248084e+000  2.9920285e+000
  2.2485299e+000  3.7564324e+000
  1.9956721e+000  2.4298173e+000
  4.2810059e+000  2.7362911e+000
  3.4438438e+000  3.4108571e+000
  2.1816903e+000  2.9430937e+000
  2.3155189e+000  4.1099760e+000
  2.3121248e+000  4.3383540e+000
  3.7238941e+000  2.6026308e+000
  2.9285846e+000  3.4846099e+000
  3.2360737e+000  2.5020172e+000
  2.3626622e+000  4.2499346e+000
  2.0469590e+000  1.1705548e+000
  4.1569823e+000  2.3097254e+000
  2.7848673e+000  6.0448289e+000
  4.0226790e+000  3.5957289e+000
  3.4432173e+000  3.8149342e+000
  2.2114254e+000  3.9109324e+000
  4.3099287e+000  2.7368053e+000
  3.1673382e+000  2.6266624e+000
  3.7464628e+000  3.2532290e+000
  2.1217078e+000  3.3322291e+000
  2.8598119e+000  2.8863138e+000
  3.3253600e+000  1.0705612e+000
  3.1881023e+000  3.9590423e+000
  2.9124095e+000  2.4248374e+000
  2.0634105e+000  3.9528838e+000
  3.8066707e+000  2.9672963e+000
  2.3365011e+000  2.9835851e+000
  2.3445042e+000  2.4322933e+000
  2.6331410e+000  1.4087770e+000
  3.8816418e+000  2.5879738e+000
  3.7391565e+000  3.9266375e+000
  2.4597545e+000  1.1864362e+000
  3.1539586e+000  3.8078392e+000
  2.5132661e+000  3.1649549e+000
  1.9285846e+000  2.4921556e+000
  2.6854741e+000  3.5887813e+000
  3.8845665e+000  2.2708128e+000
  3.2178239e+000  2.0895907e+000
  3.0312525e+000  2.7839182e+000
  4.8041274e+000  3.4696135e+000
  1.6658379e+000  3.1981475e+000
  2.4271899e+000  3.3956249e+000
  2.1614493e+000  4.7358685e+000
  1.6052038e+000  4.1611238e+000
  4.2591636e+000  4.9158471e+000
  4.4305491e+000  5.6335477e+000
  2.5722084e+000  1.3345006e+000
  1.1892293e+000  2.3010598e+000
  4.4454955e+000  2.9740448e+000
  2.2152616e+000  4.4916900e+000
  4.0887044e+000  3.8133714e+000
  4.1283335e+000  4.5883931e+000
  2.9942040e+000  3.5359053e+000
  1.1914200e+000  2.2649874e+000
  3.0720907e+000  2.6326149e+000
  3.5218184e+000  2.7696691e+000
  4.8383613e+000  2.4669407e+000
  2.7242325e+000  2.6965527e+000
  2.9433558e+000  2.9634296e+000
  3.8523981e+000  1.9593631e+000
  3.0096372e+000  4.0529660e+000
  3.6833200e+000  3.3807989e+000
  4.5293335e+000  2.7146182e+000
  3.0739506e+000  2.6422520e+000
  4.1463674e+000  2.7659303e+000
  3.3392294e+000  3.1938857e+000
  2.8322952e+000  3.6978728e+000
  3.5484981e+000  2.9526446e+000
  2.5105997e+000  2.6475657e+000
  3.9359222e+000  2.3629243e+000
  2.8515603e+000  2.4871419e+000
  3.5045289e+000  3.5353637e+000
  9.0522388e-001  4.1160245e+000
  3.8435723e+000  4.2275373e+000
  2.0164594e+000  2.3443273e+000
  2.0784140e+000  1.5286156e+000
  3.2845304e+000  4.3149371e+000
  4.2521784e+000  3.0356138e+000
  4.1652795e+000  4.2189701e+000
  2.9483835e+000  3.7092472e+000
  4.2074874e+000  4.0875205e+000
  5.2369638e+000  3.2909227e+000
  2.3078828e+000  2.3941937e+000
  2.8044285e+000 -5.7517825e-001
  1.8491642e+000  2.3544641e+000
  2.5067138e+000  2.9068660e+000
  2.1453822e+000  1.6231954e+000
  1.9932407e+000  2.4186377e+000
  4.5974774e+000  2.4555154e+000
  4.0553596e+000  3.4463615e+000
  2.0007940e+000  2.9189596e+000
  2.9197627e+000  5.2152008e+000
  4.4261741e+000  3.8237335e+000
  3.3350313e+000  2.3730904e+000
  4.3568658e+000  2.3257970e+000
  1.3821401e+000  3.5765187e+000
  3.3933126e+000  3.0576624e+000
  3.5831650e+000  3.7404203e+000
  2.2334752e+000  3.7097332e+000
  4.5808845e+000  2.1483037e+000
  3.4937219e+000  3.4179241e+000
  7.9848702e-001  3.6004383e+000
  1.5893683e+000  1.8263996e+000
  4.2363412e+000  2.9204319e+000
  3.0319764e+000  2.9066853e+000
  4.2121355e+000  3.4522529e-002
  2.8986453e+000  2.4248478e+000
  3.4489363e+000  3.9441343e+000
  1.6046098e+000  1.2674622e+000
  2.4536867e+000  2.9645768e+000
  2.6677424e+000  2.6987753e+000
  4.1336583e+000  2.4573022e+000
  2.5355582e+000  1.3858612e+000
  3.1168636e+000  3.2199613e+000
  3.0138218e+000  3.6206489e+000
  2.3507403e+000  4.0674487e+000
  4.1497186e+000  2.6439204e+000
  4.4072689e+000  3.8203469e+000
  3.2957747e+000  3.5007559e+000
  3.5761044e+000  2.7553274e+000
  3.7221836e+000  3.8702309e+000
  1.7279060e+000  3.6439128e+000
  4.2510123e+000  2.8254510e+000
  1.0165426e+000  6.3408932e-001
  1.9938189e+000  4.6358574e+000
  2.4161795e+000  3.9355743e+000
  3.3946363e+000  3.7103155e+000
  3.3302553e+000  2.5191812e+000
  2.4143356e+000  2.5446172e+000
  1.6743427e+000  4.0294469e+000
  3.5631385e+000  4.4446151e+000
  2.3578021e+000  3.1260976e+000
  3.6082189e+000  3.9832898e+000
  3.5166303e+000  4.5179506e+000
  4.2487883e+000  4.0010617e+000
  1.9055643e+000  3.8180621e+000
  2.2260624e+000  1.3849502e+000
  3.3645868e+000  4.3772477e+000
  1.8827169e+000  2.3001905e+000
  2.3305093e+000  3.1193261e+000
  2.9149966e+000  2.6494492e+000
  2.7096394e+000  2.9143491e+000
  3.7624995e+000  1.3103820e+000
  2.2958191e+000  2.0639242e+000
  3.5085804e+000  2.9156231e+000
  2.4026540e+000  3.7798602e+000
  2.0335532e+000  4.1990309e+000
  4.6608588e+000  2.1506488e+000
  2.9048529e+000  3.1610149e+000
  2.8383094e+000  4.0570562e+000
  2.3799391e+000  2.9019752e+000
  2.5930425e+000  3.6935788e+000
  4.0520489e+000  1.9956656e+000
  2.2791108e+000  2.4477599e+000
  2.1021750e+000  4.1693347e+000
  2.5932528e+000  1.0516669e+000
  1.4117486e+000  2.5984007e+000
  3.3124192e+000  3.0639587e+000
  2.3336485e+000  1.0131910e+000
  5.2385404e+000  3.9956192e+000
  3.8160567e+000  3.2260851e+000
  1.9705331e+000  3.8851607e+000
  5.0050090e+000  2.7482653e+000
  3.0208765e+000  3.9296260e+000
  2.3573466e+000  3.0119947e+000
  2.2448897e+000  1.9624697e+000
  3.1299697e+000  2.1104620e+000
  2.9280381e+000  3.8779859e+000
  3.8909127e+000  3.6501690e+000
  3.0797183e+000  3.1071571e+000
  3.1403067e+000  2.9828333e+000
  1.7656849e+000  2.8127547e+000
  2.1874516e+000  2.3658240e+000
  2.5527260e+000  4.3914240e+000
  4.6376096e+000  3.6838045e+000
  1.2266737e+000  1.6228946e+000
  1.9590611e+000  1.4245740e+000
  2.5907046e+000  3.9311456e+000
  2.7440252e+000  3.0602697e+000
  2.6326777e+000  2.6324821e+000
  1.6324743e+000  3.5295549e+000
  5.4967355e+000  1.1200744e+000
  4.0316266e+000  2.7838315e+000
  1.0205557e+000  3.6240957e+000
  2.8852042e+000  9.2098017e-001
  4.8038620e+000  3.1289078e+000
  3.5140578e+000  2.8524832e+000
  3.3579943e+000  1.6574117e+000
  3.5395611e+000  1.7222483e+000
  2.8798211e+000  4.7972935e+000
  2.0348109e+000  1.9356831e+000
  3.7681774e+000  3.6794970e+000
  5.3352460e+000  3.7258054e+000
  1.5584131e+000  4.5446842e+000
  3.3031384e+000  2.1369037e+000
  3.5826220e+000  2.1694827e+000
  4.0046122e+000  1.0311885e+000
  3.1090730e+000  1.7220556e+000
  3.6943899e+000  2.4995738e+000
  5.1104537e+000  3.3832007e+000
  3.1428127e+000  3.5447234e+000
  1.6035588e+000  2.4232787e+000
  1.2758424e+000  2.4557308e+000
  2.2048637e+000  1.6314451e+000
  3.6505574e+000  3.7965760e+000
  3.6480332e+000  3.7035272e+000
  3.7837756e+000  3.2395015e+000
  2.6082668e+000  4.0811422e+000
  1.3716864e+000  3.1715582e+000
  4.0385401e+000  5.0836734e+000
  3.2168301e+000  3.3651848e+000
  2.5141598e+000  4.5283262e+000
  3.9155397e+000  4.2275471e+000
  3.6390965e+000  5.8985609e+000
  2.4321457e+000  4.2607870e-001
  3.5721824e+000  1.9750453e+000
  3.2689680e+000  4.5825998e+000
  2.9919384e+000  4.7007000e+000
  8.5841807e-001  2.7551554e+000
  1.9790705e+000 -3.5624561e-001
  2.4000618e+000  2.6290212e+000
  4.1209017e+000  4.3911491e+000
  3.0984350e+000  2.7929934e+000
  3.2103443e+000  4.6705740e+000
  2.2512459e+000  4.1801314e+000
  1.7218938e+000  2.1130965e+000
  3.5932530e+000  1.4220162e+000
  3.6528426e+000  3.9454354e+000
  2.3288042e+000  4.1019824e+000
  2.2018291e+000  2.6439807e+000
  2.2234554e+000  1.1075631e+000
  2.7451450e+000  3.4905744e+000
  3.9584512e+000  3.7017569e+000
  3.2329492e+000  2.7064440e+000
