-7.161690 -9.098349 0
2.714182 7.837005 0
-5.604727 3.914137 0
8.947818 2.339183 0
6.464115 -7.995701 0
-3.252319 6.633665 0
-3.684755 -3.934606 0
-3.124495 6.761378 0
3.276574 -0.269220 0
-0.337660 7.885080 0
9.245757 -3.228818 0
4.566352 7.166664 0
8.628611 -4.936999 0
-6.276027 1.963659 0
8.947870 -4.349442 0
-2.249576 -10.935067 0
8.921495 -4.323217 0
1.069280 -4.360303 0
9.463273 -1.678423 0
-3.737087 6.240693 0
4.362278 7.233207 0
-2.436062 7.140469 0
-5.151832 -10.184038 0
2.058077 -3.653973 0
7.504281 4.833703 0
2.053033 7.940982 0
-0.731576 -4.796275 0
5.706936 6.529191 0
-5.927468 3.128192 0
6.116392 -8.365194 0
3.249780 -0.120897 0
9.240548 1.262905 0
9.414887 0.198353 0
3.258530 -1.449622 0
2.254624 -10.470899 0
1.276272 -10.745500 0
7.156268 -7.326653 0
-3.733247 -10.637011 0
9.468492 -0.469732 0
-7.297914 -9.053510 0
8.041502 -6.141454 0
3.136085 0.238355 0
-0.173538 1.522722 0
3.247851 -10.176852 0
-5.529289 4.129681 0
-6.193546 -0.278365 0
2.472068 -3.210879 0
-2.276299 -4.537419 0
-3.317304 6.555461 0
2.922828 -10.289795 0
7.016324 -7.491220 0
-6.747369 -9.417474 0
8.846504 -4.624613 0
-5.229120 4.705387 0
6.304119 6.045279 0
7.776939 -6.590659 0
-3.189853 -10.716197 0
1.365435 -4.168382 0
-4.645538 -3.131303 0
-5.689413 3.675737 0
-5.391822 4.292747 0
0.911327 -10.789177 0
9.415930 -2.318502 0
0.501001 1.842846 0
5.267306 6.785553 0
4.889390 6.989457 0
-2.597177 7.035341 0
-2.657112 -10.816432 0
-7.058504 -9.208956 0
7.172330 5.200658 0
7.891786 4.320193 0
-5.109284 -2.540032 0
5.220558 -9.079905 0
-5.393966 -2.261598 0
7.990725 4.244158 0
9.203231 1.386538 0
1.095377 7.930626 0
7.365175 -7.129571 0
7.617422 4.591830 0
6.214297 -8.201454 0
8.050323 -5.972428 0
-5.500420 -10.040692 0
6.962316 -7.558490 0
7.654101 4.596752 0
8.837015 2.626192 0
8.543531 3.133269 0
-5.240602 -10.165641 0
0.334121 7.909833 0
9.237594 -3.393598 0
-5.309202 -2.392709 0
6.639469 -7.959879 0
-0.770717 -4.804066 0
3.275395 -1.303691 0
-6.155834 2.613872 0
-5.870202 3.420401 0
-2.022612 -4.686612 0
-5.605171 -1.788552 0
-7.060115 -9.164884 0
9.115451 1.983556 0
3.061850 7.742855 0
-5.604540 -1.818438 0
-6.002951 -9.824503 0
8.686992 -4.913857 0
9.091978 -3.834511 0
-1.860126 -4.641271 0
2.291144 7.918460 0
4.744386 -9.336291 0
2.364825 -3.348244 0
5.394469 -9.012833 0
0.922998 -10.866118 0
2.855293 -2.568032 0
3.333812 -0.317367 0
3.174174 0.075293 0
1.229219 7.998302 0
0.158764 -10.940821 0
-5.062848 4.866103 0
0.034596 7.904326 0
1.174243 -4.251123 0
9.540937 -0.896595 0
6.324048 5.964791 0
8.316991 -5.754185 0
1.150192 -4.338550 0
-0.888076 -11.033143 0
1.437353 8.003952 0
2.819964 -2.840641 0
-2.315404 7.194936 0
0.899352 -10.793496 0
-4.948008 -10.238324 0
0.863845 1.840182 0
-4.172203 -10.459286 0
-2.649194 -10.805841 0
9.050675 1.973113 0
3.563604 7.517659 0
0.503332 7.921318 0
-2.553703 7.023438 0
-0.237712 -4.712045 0
0.794105 -10.814342 0
3.285090 7.657416 0
1.407166 -10.738162 0
8.268932 -5.646935 0
6.556248 5.757374 0
9.397302 0.682359 0
-6.199852 -0.275212 0
8.589613 3.161693 0
0.956138 -10.830929 0
-2.888867 -10.846979 0
-4.609042 -10.424704 0
3.320225 -0.375499 0
-4.299129 -10.452378 0
3.973816 7.399211 0
3.336566 -0.535171 0
-0.346409 -4.771819 0
-6.273401 1.631874 0
-1.370011 -4.766617 0
8.036293 -6.034007 0
0.130189 -10.940537 0
1.995365 -10.565522 0
9.492588 -2.115600 0
5.178062 -9.105787 0
2.835384 -2.759160 0
5.487783 6.632697 0
3.102349 0.223075 0
4.307697 -9.635516 0
-5.168745 4.791527 0
3.396777 -10.048313 0
8.364013 -5.440854 0
-5.445844 4.229645 0
-4.107723 -3.639580 0
-5.403723 4.448999 0
1.502728 7.913479 0
5.834157 6.422039 0
-2.345707 7.231744 0
7.433382 -6.930122 0
1.413587 1.804855 0
-3.806393 6.248448 0
-2.691450 -4.426568 0
-3.972894 6.097980 0
-5.652183 3.876443 0
0.634651 1.853064 0
9.262579 -2.943471 0
9.472024 -2.105126 0
3.150567 -10.218360 0
-0.045937 7.923011 0
9.433680 0.360424 0
9.505506 -1.659945 0
-4.783497 5.314072 0
-6.000660 3.064516 0
9.233615 -3.303566 0
1.283780 1.849770 0
-3.814278 -10.644280 0
9.370779 0.913632 0
0.961643 -4.349533 0
-3.735147 -10.616153 0
2.083579 7.914673 0
-3.441035 -10.663404 0
-5.983910 -9.786317 0
-6.278572 0.812346 0
6.393491 5.983486 0
0.101582 1.646581 0
-0.578297 -4.761639 0
-4.943231 5.070164 0
6.433906 -8.061585 0
-5.892507 3.186375 0
7.157460 5.287151 0
-3.501756 6.450734 0
7.454829 -6.882859 0
-6.657199 -9.474029 0
0.725517 7.969913 0
3.368069 -0.961876 0
2.767771 -2.831119 0
-5.508330 4.258376 0
-6.316384 1.339534 0
-2.372055 -10.852198 0
4.438169 7.232023 0
8.215777 3.843793 0
2.940758 0.664756 0
-6.125998 -0.430848 0
6.037026 -8.505585 0
6.331183 6.025190 0
-3.851298 -10.619146 0
6.349712 5.995945 0
-1.614565 7.554938 0
-5.368266 -10.082609 0
8.777540 2.698565 0
-3.930356 -10.538443 0
7.052826 -7.428367 0
2.311852 -3.372322 0
-6.274716 0.867789 0
-4.178766 -3.527898 0
-1.412422 7.536456 0
4.302316 7.233528 0
2.608781 -10.350473 0
6.119740 -8.367832 0
8.370992 3.669705 0
5.347919 6.786905 0
-6.239060 1.834865 0
9.202571 -3.273774 0
9.328067 0.859037 0
6.353484 -8.188927 0
0.914792 -10.852971 0
1.367902 1.790363 0
9.134519 1.646220 0
-3.346155 -4.085924 0
1.136439 -10.839544 0
-3.064457 -10.815350 0
2.193363 -10.538540 0
2.217444 1.450311 0
5.826833 6.439986 0
-4.326023 5.704365 0
3.291595 -0.626709 0
-5.735104 -1.580064 0
3.109416 0.167078 0
-5.101432 -2.612410 0
-3.580106 -10.654699 0
4.670353 -9.423622 0
2.165245 1.496082 0
-5.670650 -10.001110 0
-3.272649 -10.725415 0
2.619274 1.016068 0
-5.681091 3.760947 0
8.660062 -4.952484 0
1.772174 1.726322 0
-5.528435 -1.939518 0
-6.190200 2.329416 0
3.060847 -10.257567 0
5.440831 6.665915 0
2.067000 -3.596138 0
0.634537 -4.459626 0
-2.124280 7.304523 0
-0.786064 -4.751674 0
-4.194745 -10.542537 0
1.207253 -4.220039 0
-4.922530 -2.763391 0
1.334481 1.789982 0
-0.600095 -11.002860 0
8.519323 -5.271221 0
-3.746200 -3.881775 0
-5.364323 4.490892 0
8.687548 2.905824 0
9.056018 1.848209 0
3.315155 -0.296383 0
-1.980017 -4.635536 0
-1.789029 -4.654493 0
1.627979 -10.666110 0
8.218399 3.887936 0
-3.629858 -4.044569 0
9.408055 -2.286202 0
2.829845 -2.758062 0
-0.456746 0.974190 0
7.515874 4.819030 0
-4.752018 5.353889 0
-0.295273 7.847967 0
-6.195027 0.101682 0
4.571361 7.194876 0
-6.112821 -0.692044 0
-0.410756 1.230204 0
-2.913395 -10.835779 0
3.828396 7.431380 0
-4.624198 -3.186809 0
-0.204243 -11.004049 0
1.855919 -3.840589 0
6.070712 6.257483 0
-1.528415 -4.752852 0
-5.485025 -10.023596 0
-4.191590 -10.519840 0
3.669860 7.549799 0
-1.355080 -4.765907 0
8.842214 -4.613085 0
7.216335 -7.259609 0
2.851292 7.741805 0
2.901242 -10.272493 0
2.885312 -10.339064 0
7.849952 4.354155 0
6.006593 -8.515116 0
2.637310 7.767930 0
6.266873 -8.222924 0
-0.960733 -10.985398 0
-4.930159 -10.232938 0
1.192036 -4.278412 0
9.336392 0.959331 0
7.514518 -6.878527 0
-2.953132 -4.338693 0
0.497680 7.986794 0
-6.339550 1.320052 0
-0.031782 7.937922 0
9.333434 -2.670075 0
-5.822307 -1.322116 0
0.602942 -10.878525 0
6.269476 6.088010 0
-2.105136 -10.915475 0
1.942777 7.962491 0
-3.884405 6.135022 0
9.220227 -3.502479 0
7.237081 -7.283573 0
-1.834076 -10.982663 0
3.212969 -0.070550 0
5.999262 -8.497396 0
-1.389840 -4.765452 0
3.179531 -10.231042 0
1.278480 -4.222368 0
3.727558 7.553276 0
2.741834 -10.338057 0
8.150636 3.901937 0
-6.219344 0.185758 0
-4.473232 5.698624 0
6.153384 6.168271 0
-3.787035 -10.677957 0
-6.274364 0.720298 0
9.484764 0.076724 0
2.186568 1.455166 0
7.222847 -7.278409 0
-2.727608 -4.434694 0
4.824291 7.077045 0
8.550351 3.094378 0
-5.369186 -2.184831 0
3.240988 7.646681 0
-2.567182 -10.830141 0
-4.421782 5.668285 0
3.286244 -0.151263 0
8.991085 2.194466 0
-1.743400 -4.689671 0
9.363898 0.594498 0
-4.735268 5.385320 0
9.177969 -3.324275 0
3.080623 0.406143 0
-5.723540 3.655990 0
9.148537 1.855299 0
-6.481490 -9.565278 0
1.166513 8.008100 0
-5.842636 -1.293775 0
2.129832 1.461223 0
7.635871 4.696326 0
2.612161 1.064659 0
-3.676007 -10.661423 0
1.112562 7.959374 0
0.813523 -10.825908 0
-3.007917 -10.751716 0
9.349043 -2.736452 0
-4.634801 5.379184 0
4.974759 -9.207875 0
8.058901 4.104202 0
9.412113 -2.600985 0
8.320587 3.691681 0
-1.868333 -10.948322 0
-1.097111 -10.959190 0
1.335264 8.001828 0
-2.329145 -4.515149 0
-5.753062 3.686260 0
1.072096 1.833293 0
-0.333417 1.285338 0
4.855416 -9.343145 0
-5.565165 -1.920250 0
5.458860 -8.833266 0
5.178903 -9.098117 0
-3.772023 -3.845397 0
3.674080 7.532023 0
2.034283 -10.549063 0
9.352584 0.956663 0
-4.370825 -3.503969 0
-5.945851 -9.820152 0
5.753683 1.771734 1
0.616855 -0.574739 1
-6.727025 7.817850 1
0.873646 -7.697129 1
6.968252 9.391544 1
-3.208657 0.738911 1
-1.527142 4.110195 1
5.705071 10.064347 1
-0.213029 11.071554 1
5.525708 2.153134 1
-5.084069 -6.770705 1
-3.238529 1.378409 1
-9.370674 -0.272854 1
-9.117061 -1.505099 1
-9.327249 2.711044 1
-2.670820 10.459860 1
-6.572215 7.880977 1
-2.944167 -0.405453 1
-3.183145 1.651973 1
-6.553425 -5.682118 1
6.022924 -3.197393 1
5.645703 2.001985 1
-0.880633 -1.744214 1
1.689104 4.777839 1
4.690870 10.511160 1
5.545157 -4.254550 1
-3.967554 -7.251578 1
4.205028 -5.958628 1
-9.432077 1.487695 1
-1.810726 -7.850669 1
0.874033 11.120989 1
6.098001 0.960724 1
-9.273139 2.712505 1
-5.911165 -6.220736 1
-2.603430 -0.922694 1
-9.269856 2.644074 1
6.369227 -1.646505 1
-2.524350 3.188075 1
-1.972610 -7.841191 1
-9.209045 2.871170 1
-6.041877 8.464714 1
-3.349724 10.206476 1
0.685987 -7.709343 1
-4.392159 -7.147949 1
-9.340894 -0.359196 1
-8.266930 5.717828 1
1.627484 -7.380353 1
4.781545 -5.216830 1
6.042912 -3.168391 1
-1.605737 -7.789407 1
-9.450151 1.701370 1
-9.443765 0.465669 1
5.364399 -4.519042 1
-8.369498 -3.163221 1
-2.191660 10.616759 1
2.150310 4.769455 1
6.405752 -1.559858 1
-2.551994 -0.957415 1
-4.975555 9.263205 1
-5.147370 9.103755 1
2.746323 -6.954833 1
6.074560 -3.051801 1
7.141195 9.288834 1
-6.937086 -5.261499 1
-0.174370 -1.681726 1
-1.417381 10.856690 1
-8.517461 -2.947624 1
-1.226430 10.806091 1
-6.197897 8.300094 1
-2.482313 3.144285 1
2.857203 -6.847093 1
6.193667 9.876999 1
-4.696352 -6.949059 1
2.911126 -6.850395 1
-7.071848 -5.097069 1
6.166895 9.848906 1
-0.677042 -7.836769 1
-1.040156 10.906121 1
-0.253837 4.631547 1
-2.880332 2.624237 1
5.158433 -4.754919 1
-3.254863 0.945168 1
-6.568768 -5.633111 1
5.582348 10.129366 1
6.371417 -0.517823 1
-3.165902 1.503069 1
-0.138847 4.735009 1
1.070742 4.820246 1
-6.249600 -5.875089 1
-2.055653 -7.786254 1
6.244134 0.647417 1
-9.370991 2.388324 1
-1.500738 4.148696 1
5.865690 1.531427 1
-8.395047 -3.233351 1
5.079352 -4.979213 1
-5.448914 -6.457348 1
5.608717 -4.081585 1
-0.984494 -1.804305 1
2.343853 -7.077543 1
-4.350372 -7.137287 1
-1.183766 4.335476 1
-9.043591 -1.704658 1
5.432378 10.151235 1
-3.055144 2.227133 1
6.234834 -2.376308 1
-5.849547 -6.280820 1
-0.637411 -7.861173 1
3.961982 10.680147 1
-8.454847 5.356661 1
-7.878510 6.320552 1
-9.373181 0.013116 1
-1.906310 -1.512266 1
-9.380467 0.139402 1
6.055829 -2.960614 1
-2.692926 2.967477 1
-3.228075 1.570232 1
1.484705 11.081901 1
5.924648 1.467366 1
-3.751678 -7.322394 1
3.220386 -6.704436 1
6.218193 0.733715 1
6.195901 0.786252 1
-8.983308 4.020424 1
-2.986643 -0.274526 1
-5.582039 8.787799 1
6.402311 -1.245335 1
-2.669197 10.446460 1
-3.121950 -7.529635 1
5.330591 2.641971 1
4.688742 3.296091 1
6.128550 -2.698343 1
7.317910 9.219158 1
2.890693 4.482672 1
-1.896268 10.648710 1
-2.330389 10.552677 1
-5.733178 -6.248709 1
-9.422401 1.689188 1
4.139571 -5.850141 1
6.079554 -2.936623 1
-4.368888 9.607731 1
-2.631301 3.043769 1
4.360274 3.654779 1
-0.592453 -7.869175 1
3.311591 -6.622112 1
-6.329484 8.175130 1
-2.444958 -7.694127 1
-5.159485 9.098541 1
-1.089874 -1.767024 1
7.529028 9.001670 1
6.448540 -0.555852 1
-6.626046 7.836289 1
-1.879260 -1.509668 1
-0.623828 10.946436 1
-7.666429 6.634422 1
-2.320632 3.401894 1
-0.862514 10.891109 1
-3.754035 9.967056 1
0.561298 -0.817585 1
-9.394619 1.359957 1
-9.305967 -0.491161 1
4.202284 3.777926 1
0.220856 -7.811270 1
3.492356 10.812043 1
-1.279910 -7.880139 1
-2.275704 3.480663 1
-9.315356 2.750587 1
5.942621 10.011036 1
0.199725 -7.795691 1
5.422710 2.342266 1
0.455796 11.101866 1
4.762350 10.436979 1
3.035701 -6.752539 1
-6.817730 7.655522 1
-2.679238 2.817568 1
4.851230 3.083834 1
-2.606162 2.998045 1
-0.851214 -1.813319 1
-5.076104 -6.678478 1
6.060978 1.088636 1
-1.793654 -1.571489 1
-7.400758 6.930966 1
-6.489739 -5.765840 1
0.158026 11.060055 1
-7.389945 -4.773423 1
5.736254 10.006585 1
-7.278172 7.136244 1
4.543303 10.545579 1
-7.830729 6.330035 1
6.178444 0.741578 1
-3.052975 2.056936 1
-9.196417 3.144622 1
-4.343921 9.622476 1
0.214725 4.831385 1
6.208854 -2.734031 1
-3.284147 -7.564706 1
-8.829221 4.286848 1
-8.647832 -2.783574 1
-2.906178 -0.351116 1
5.862794 9.946325 1
-7.930440 -4.031640 1
-7.861489 -4.104653 1
-7.983086 -3.897969 1
-8.700558 -2.533605 1
-0.738850 4.483637 1
-1.918273 -1.515705 1
1.637751 -7.458084 1
6.322529 0.104883 1
-9.100433 3.377913 1
6.798412 9.568936 1
5.795065 1.816899 1
-6.677632 7.824206 1
-9.418475 1.828091 1
-6.159034 -5.975962 1
1.394175 11.081337 1
-9.366276 1.889244 1
-6.549806 -5.659731 1
-3.085597 2.190922 1
-1.320049 -1.675604 1
5.207854 10.314329 1
-8.030558 6.027918 1
0.687035 11.069545 1
1.065122 11.047001 1
-5.247753 9.021797 1
-6.140025 -6.049348 1
5.402023 -4.456665 1
6.417035 -0.396707 1
-2.426025 -7.710118 1
0.252374 -1.337845 1
0.861287 -7.671440 1
-8.473049 5.131755 1
1.840843 -7.336693 1
-8.866011 -2.262274 1
-8.478654 -3.072284 1
6.388686 9.736805 1
6.313964 -0.152204 1
-2.350639 -1.079414 1
-0.577730 10.956971 1
0.511922 11.054084 1
4.099879 -5.994435 1
0.146826 4.783558 1
1.523331 4.882097 1
1.117602 4.820325 1
-8.564004 -2.819245 1
-1.819031 10.736118 1
-2.467239 -1.068911 1
-8.406890 -3.110910 1
5.758817 1.778980 1
4.569935 3.402378 1
-8.187107 5.786299 1
2.491035 4.642500 1
-2.430093 3.237481 1
-0.950031 -7.854999 1
3.217787 4.354647 1
4.054000 -6.011533 1
2.522409 4.634513 1
0.478818 11.112559 1
4.391925 3.580572 1
-6.524258 -5.627946 1
1.228642 4.894170 1
-0.664155 -7.867859 1
-3.677826 10.050152 1
-2.335257 -7.769704 1
-0.032140 11.039100 1
-9.426770 1.175786 1
-6.750019 -5.450173 1
-5.224417 -6.679372 1
0.873738 -7.678226 1
-4.287948 9.699055 1
-9.390364 0.180058 1
2.590331 4.608146 1
7.430032 9.142870 1
-3.307664 -7.467689 1
-4.635586 -6.992580 1
-6.812086 7.749462 1
-9.288696 2.322701 1
-8.339671 5.537292 1
4.769882 3.170514 1
3.507938 -6.497145 1
5.261999 -4.702397 1
-2.501265 10.540940 1
6.193205 9.900752 1
6.441023 -0.580353 1
6.199959 9.838309 1
-8.770983 -2.366893 1
2.763602 4.524029 1
-1.651705 -7.876799 1
-1.456907 4.059803 1
-8.942976 3.995485 1
-7.038436 7.433427 1
-2.747495 -7.688100 1
-9.209854 2.951600 1
-8.506334 5.138959 1
4.320813 3.636685 1
-0.451025 4.667552 1
-2.864868 -7.677608 1
7.517125 9.006112 1
0.020658 11.037363 1
-2.127232 -1.291385 1
4.506368 10.560489 1
0.870028 11.042874 1
4.241859 3.698929 1
6.513282 9.628866 1
6.035190 1.310024 1
-9.218143 -0.864038 1
-5.173354 -6.663795 1
-3.740026 -7.392603 1
5.764470 1.801080 1
-3.141525 0.325759 1
1.492783 4.869213 1
-9.412197 1.750651 1
-8.840283 4.372022 1
-1.402278 10.775348 1
6.327245 0.316196 1
-0.898515 -1.818047 1
-7.239453 -4.957979 1
3.528223 4.213477 1
2.708659 10.939801 1
6.304361 -0.032975 1
5.100810 2.809604 1
-5.151803 -6.675724 1
6.046541 1.183496 1
-0.323002 -1.695606 1
6.256541 9.795171 1
1.249738 11.054737 1
5.154807 10.288637 1
-2.268220 10.568389 1
3.604279 -6.411603 1
-3.010429 2.198377 1
-8.013607 6.003939 1
-9.236686 2.849614 1
0.205208 -7.790250 1
-0.264035 4.662903 1
6.295053 -2.256746 1
-9.322513 2.701751 1
-4.307539 -7.094907 1
-8.025364 6.088023 1
-9.441911 0.566467 1
-3.187481 0.574894 1
7.268376 9.226518 1
2.322754 4.650305 1
-1.523174 -7.817560 1
-7.356433 -4.774786 1
-9.404418 1.120067 1
-4.257326 9.667229 1
-6.241324 8.302758 1
6.337396 -1.536207 1
2.355784 4.738938 1
-2.474279 10.522744 1
-9.461219 0.979689 1
-8.915591 -2.020339 1
-2.656654 -7.665714 1
-8.972060 -1.855522 1
3.751714 -6.310210 1
-0.937989 10.960299 1
-2.866648 -7.672725 1
-1.535002 -7.890669 1
6.308064 -1.867676 1
-7.034922 -5.157852 1
-7.962145 -3.967982 1
-0.217614 4.694422 1
-8.450046 5.376890 1
3.627985 4.167984 1
6.421869 -0.400019 1
-9.020268 3.957853 1
2.981058 4.419792 1
1.114847 -7.552812 1
4.002164 3.822291 1
-0.596890 4.600628 1
-4.207717 9.771154 1
5.810626 -3.613111 1
-2.799400 -7.648604 1
-3.234351 0.560098 1
-3.209971 1.634869 1
6.143363 -2.918118 1
6.150460 -2.777503 1
5.550475 -4.187623 1
-9.468462 0.985417 1
1.178922 -7.523553 1
-3.084654 10.302793 1
-0.398482 10.969276 1
-6.799649 -5.388983 1
5.538753 -4.255076 1
-6.507277 -5.739910 1
5.864414 1.534934 1
4.224685 -5.858835 1
-1.958492 10.658813 1
-0.945350 10.884863 1
-3.203307 1.084180 1
4.253601 10.617364 1
-0.275172 -1.636941 1
-3.181126 1.458498 1
-7.271543 7.200631 1
4.038543 -6.010682 1
4.111428 3.759518 1
-2.814182 10.341496 1
-1.458430 10.801097 1
-6.347864 8.093257 1
5.132604 -4.780114 1
5.717107 10.050812 1
