-1.85246 0.770894 0.125964
-0.0394118 0.234422
-0.359821 -0.671289 1.34641
0.215341 0.503497
-0.201667 -2.56494 -0.340801
-0.138199 0.0395671
0.593882 -2.66229 -0.110151
-0.307241 0.00404378
0.253126 0.77287 0.221813
-0.152702 0.0132748
0.0408868 1.60041 -0.418269
-1.31665 -1.45245
-3.98003 -2.00444 -0.854541
1.88194 1.00526
-4.46302 2.39907 0.459319
1.96684 1.09041
-2.02546 -1.56428 0.313497
0.932177 0.934608
-0.317411 -0.25997 -0.826123
0.0308654 0.0550746
-0.250919 -0.647065 0.962745
-0.942533 0.440489
-3.02531 0.779489 1.98354
1.90079 1.56584

-0.41001
0.23548
-1.72057
1.61887
0.40344
1.99154
1.16618
-1.30777
2.79406
-0.0866141
-1.58521
-3.16311
-0.548526
4.93777
-8.00315
-0.690335
8.55367
-0.079234
-2.52919
0.516274
0.560952
-0.100833
0.92478
-3.47506
-1.70735
