-6.83056 1.98342 -2.81456
1.71344 3.6078
3.14658 -6.4467 -1.08568
-4.19732 -1.83474
9.46977 -3.09104 -0.918303
-2.73458 -1.25902
4.65505 1.33751 -1.62073
-1.27357 -2.07014
6.90971 1.00714 0.691294
-1.20371 -0.892058
0.770663 -3.4419 -1.72302
-1.30414 -0.991584
-2.99732 -4.75922 -2.61146
-1.5773 -0.15154
3.03598 -1.43946 -0.242517
-1.924 1.03317
-3.57681 2.61021 4.29442
0.516148 3.28442
0.430185 -2.27192 1.76721
-0.591085 -0.855374
3.63199 2.32367 0.943549
-2.30803 -1.42171
1.61789 -2.02377 5.2454
-0.127295 -1.88744

-4.85272
6.73018
-0.894769
-10.9307
12.472
4.58576
-9.24145
2.12371
1.96597
-7.39474
10.574
1.96753
-4.21512
2.91013
2.73025
-6.6162
6.76755
2.31093
-6.25464
1.99435
0.986988
3.55394
-5.88728
2.09741
3.05637
