0.957999 0.602285 0.511076
-1.11309 -0.845974
-0.567874 0.318824 -0.04762
-0.946206 -0.369507
0.514598 0.318585 0.411083
-0.460865 -0.353471
0.470368 0.161979 -0.583509
1.00036 0.76027
0.122364 0.402117 0.38587
-1.16718 -1.20347
0.536822 0.130941 0.361111
-1.06506 -0.823246
-0.380044 -0.0813729 0.0225791
-0.40516 -0.415693
-0.547958 0.577872 0.214513
-0.0490939 -0.472734
0.199585 -0.565777 -0.189161
-0.0260768 -0.0435706
-0.429454 -0.526756 0.290985
0.102773 0.250778
0.504613 0.350124 0.594958
-1.24282 -0.995055
0.334458 -0.555484 -0.0313622
-0.228408 -0.239154

-1.16353
0.151298
-1.78706
-0.12125
-0.241101
1.13244
-0.705087
-0.983247
1.71932
-1.15541
-0.909094
-0.126225
-1.02372
-0.0801505
-0.0553366
0.0613418
0.153419
1.50032
0.298946
-1.98742
2.05374
-0.54275
-1.3606
0.175463
-0.72904
