2.96899 1.95956 -0.96412
-0.479449 -0.240098
1.35671 1.94868 3.33546
-0.295295 -0.721336
0.815186 -0.37112 -3.04527
-0.671749 -1.01685
-0.295487 -1.40764 -1.88438
0.367694 0.968809
-0.52133 0.170726 0.718564
0.186429 -0.777681
0.238559 1.61685 -0.0803512
-0.727233 0.746183
-0.345728 1.13465 2.68059
0.442563 1.03214
0.976249 0.836823 1.01229
-0.243245 -0.524996
0.220134 -1.22267 0.796969
-0.381686 -0.204178
-1.84684 5.75124 -1.99731
0.926785 0.317717
-0.87597 -3.93364 -3.48574
-1.04761 0.384538
1.80212 -1.54974 0.623273
-0.434334 -0.262004
0.430174 0.144131 -1.03419
-0.519834 -0.462753
-0.611375 1.64825 1.02626
-0.203775 -0.299296
-0.267146 -1.55322 -0.425021
0.802887 0.901986
-0.498576 -0.0597893 -1.46201
0.121901 -0.0673939
0.0353223 -0.419366 1.64356
-0.591402 -0.457971
-4.1064 -3.42606 0.0965939
1.85686 -2.24198
0.546367 5.20751 -1.1309
-0.690131 -0.281121
0.100692 0.326953 2.49466
1.21149 -1.36903
-0.338539 3.45134 -2.86482
-0.28098 0.396072
-0.138518 -0.18592 -0.362452
0.163283 -0.631117
-0.561987 -0.34702 -3.17247
0.0877598 0.381951
-0.0370267 -0.638409 0.137505
-0.761392 -0.15238
0.0465051 0.69452 0.702362
0.438401 -0.580314
-0.656818 -1.24338 -0.0388935
0.355586 0.260408
0.260064 -1.07501 0.133511
0.278003 0.113313
1.89735 -1.60833 0.69341
-0.534346 -0.198857
1.21134 -0.698111 -1.74751
-0.38463 -0.761801
0.505501 -0.304252 1.32996
0.0100866 -0.253794
-0.0318817 -0.128477 0.741111
-0.264419 -0.220084
0.204471 -0.60616 -0.631016
-0.110056 -0.217368
0.402236 0.202699 0.762305
-0.217451 -0.34534
0.212937 0.0720543 2.58965
-0.0967127 -0.271722
0.314501 -1.72448 -0.58669
0.414169 -0.514661
-0.71871 -0.491997 -2.94173
0.537821 0.982158
1.23358 -1.17121 0.637567
-0.395202 -0.185096
-0.119395 1.04453 0.0979882
-1.07964 0.725277
0.924288 0.593097 3.07167
-0.368611 -1.1129
2.91521 -0.463973 -2.82947
-0.148681 -0.601839
-0.414253 0.288446 3.0761
0.102837 0.36336
0.102533 -0.588702 0.723109
1.43209 -0.429244

-4.69026
0.604417
-4.212
5.59926
1.65121
3.64005
3.7091
-0.477187
3.50666
2.16114
-1.3526
-0.582945
2.50087
-0.681922
-1.03366
-0.663265
-1.53951
8.80632
-0.6946
-1.56444
10.1328
2.38682
-1.77165
1.0279
1.95765
0.971001
1.28637
1.9035
-0.884415
-8.49482
3.42551
-0.0384631
-9.92536
-3.78363
-0.655849
3.19615
-6.17331
2.80239
3.84097
-5.64152
2.64751
-1.51302
-5.52252
5.18416
-1.08238
0.668089
5.85751
-0.473046
0.485733
2.47526
-0.696237
0.286266
3.24993
2.81458
-0.240447
2.24804
1.52424
3.67672
2.02949
0.494422
2.03187
-0.154633
-0.686098
-0.715066
0.876842
-2.16953
-0.346147
-1.50496
-2.0448
4.02677
-1.20889
1.39344
3.90521
3.6437
1.27165
-1.54753
2.59139
-6.91989
0.44365
-8.04029
-5.18766
0.314503
-9.84764
-0.179635
0.505041
